RICOVERI DS:
	Pearson: 0.9189441563747451
	Spearman: 0.9024815574417259
	Kendall: 0.7538439254960845

RICOVERI DH:
	Pearson: 0.8755729765744169
	Spearman: 0.8057009436635482
	Kendall: 0.6389750521634271

RICOVERI DO:
	Pearson: 0.9861792463951216
	Spearman: 0.9661614523445992
	Kendall: 0.9150743538413104

TOTALE RICOVERI:
	Pearson: 0.9890407705981132
	Spearman: 0.9713089295110077
	Kendall: 0.9596659744106059

