Pearson: 0.9999998337097634
Spearman: 0.9999999999999999
Kendall: 1.0
