Pearson: 0.999999643962683
Spearman: 0.9999999999999999
Kendall: 1.0
