RICOVERI DS:
	Pearson: 0.9286753061312144
	Spearman: 0.9258944237405186
	Kendall: 0.7783944925969216

RICOVERI DH:
	Pearson: 0.8818349414836953
	Spearman: 0.8349112765631358
	Kendall: 0.6641067648157045

RICOVERI DO:
	Pearson: 0.9972384451853032
	Spearman: 0.9949093589358408
	Kendall: 0.9516018015960419

TOTALE RICOVERI:
	Pearson: 0.9999978497739568
	Spearman: 0.9999729705144698
	Kendall: 0.9981120943952804

