Pearson: 0.9983899805373763
Spearman: 0.9975579975579975
Kendall: 0.9772079772079774
