Pearson: 0.9999996596227995
Spearman: 0.9999999999999999
Kendall: 1.0
