Pearson: 0.9999998668819495
Spearman: 0.9999999999999999
Kendall: 1.0
