RICOVERI DS:
	Pearson: 0.999944769497192
	Spearman: 0.9999359555417596
	Kendall: 0.9965098473253861

RICOVERI DH:
	Pearson: 0.9992416092235237
	Spearman: 0.9948021909581021
	Kendall: 0.9704141797207241

RICOVERI DO:
	Pearson: 0.9999953329277581
	Spearman: 0.9999430820967021
	Kendall: 0.997069640486255

TOTALE RICOVERI:
	Pearson: 0.9999902095382269
	Spearman: 0.9999264485924079
	Kendall: 0.9965977700603665

