RICOVERI DS:
	Pearson: 0.9291199199354601
	Spearman: 0.9259081635417038
	Kendall: 0.7780909712426408

RICOVERI DH:
	Pearson: 0.8823578003769353
	Spearman: 0.8325083625421481
	Kendall: 0.6625984990140229

RICOVERI DO:
	Pearson: 0.9972066879914007
	Spearman: 0.9949150767131119
	Kendall: 0.9515231373155099

TOTALE RICOVERI:
	Pearson: 0.9999975042390801
	Spearman: 0.9999698517276778
	Kendall: 0.9981120943952804

